stampede herd  api http://nest_server:3002
  ORGS                 11-110                       (default)
  RATE                 500                          (default)
  SECONDS              60                           (default)
  FLUSH_AT             5                            (default)
  BUCKET_MS            100                          (default)

  server arms  statsCache=wait statsTtlS=10 statsTtlJitter=0.5 entitlementCache=notify

  flushed 100 keys at 4999.8ms. Per second: stats recomputes, the busiest 100ms bucket, p99
     s     DB  peak     p99  err  ent
     0      0     0     3.4    0    0  
     1      0     0     3.5    0    0  
     2      0     0     3.4    0    0  
     3      0     0     3.2    0    0  
     4     15     3    87.6    0    0  ###############
     5     72    10  1079.9    0    0  ############################################################+
     6     30    10    85.9    0    0  ##############################
     7      0     0     3.4    0    0  
     8      0     0     4.1    0    0  
     9      0     0     4.2    0    0  
    10      5     3    33.7    0    0  #####
    11     15     3    42.7    0    0  ###############
    12     20     4    47.8    0    0  ####################
    13     24     8    54.6    0    0  ########################
    14     24     5    68.9    0    0  ########################
    15     11     3    37.1    0    9  ###########
    16      5     2    29.1    0    0  #####
    17      6     3    30.3    0    0  ######
    18      9     5    50.2    0    0  #########
    19     20     4    49.1    0    0  ####################
    20      9     2    33.8    0    0  #########
    21     16     4    42.5    0    0  ################
    22     14     3    36.8    0    0  ##############
    23     18     4    46.5    0    0  ##################
    24     11     3    38.3    0    0  ###########
    25      7     2    39.0    0    0  #######
    26     11     4    45.2    0    0  ###########
    27     15     4    33.7    0    0  ###############
    28     13     3    37.2    0   30  #############
    29     14     3    33.2    0    3  ##############
    30     15     6    96.5    0   49  ###############
    31     12     4    35.2    0    9  ############
    32     15     4    37.5    0    0  ###############
    33     14     3    39.2    0    0  ##############
    34     12     3    37.3    0    0  ############
    35     11     4    47.4    0    0  ###########
    36     12     3    40.9    0    0  ############
    37     13     3    40.6    0    0  #############
    38     15     5    81.8    0    0  ###############
    39     18     5    54.3    0    0  ##################
    40     11     2    37.1    0    0  ###########
    41     12     5    58.7    0    0  ############
    42     14     3    68.1    0    0  ##############
    43     15     3    46.4    0    0  ###############
    44     11     2    33.3    0    0  ###########
    45     15     4    79.8    0    9  ###############
    46      9     3    34.9    0    0  #########
    47     13     2    32.1    0    0  #############
    48     13     3    34.7    0    0  #############
    49     13     2    33.1    0    0  #############
    50     10     2    37.1    0    0  ##########
    51     15     3    34.3    0    0  ###############
    52     13     4    37.8    0    0  #############
    53     16     3    30.7    0    0  ################
    54     11     3    29.5    0    0  ###########
    55     12     4    36.4    0    0  ############
    56     16     4    44.4    0    0  ################
    57     13     3    36.7    0    0  #############
    58     12     3    36.9    0   12  ############
    59     15     4    34.5    0   21  ###############

  seconds until each key expires, at the end (96 keys)
       0s    14  ##############
       1s     8  ########
       2s    13  #############
       3s    14  ##############
       4s    18  ##################
       5s    10  ##########
       6s     7  #######
       7s     9  #########
       8s     3  ###

  recomputes 780 (pgss 780) · busiest second 72 · busiest 100ms bucket 10 · median per second 13
  expiry spread at the end 8.6s · p99 94.0ms · errors 0 · dropped 0
