stampede run  api http://nest_server:3002
  ORG_ID               2                            (env)
  RATE                 100                          (env)
  SECONDS              40                           (default)
  EXPIRE_AT            20                           (default)
  BUCKET_MS            100                          (default)

  server arms  statsCache=naive statsTtlS=300 statsTtlJitter=0.2 entitlementCache=notify

  pre-warm  miss  key PTTL 243,539ms (must outlive the run)

  around the forced expiry (t = 0), 100ms buckets; requests by send time, DB calls by sample time
     t_ms   sent  err    p50    p99   hit  miss  wait stale  refr   DB  in-flight
     -500     10    0    2.7    4.2    10     0     0     0     0    0    0  
     -400     10    0    3.9    4.7    10     0     0     0     0    0    0  
     -300     10    0    3.9    5.3    10     0     0     0     0    0    0  
     -200     10    0    5.0    5.9    10     0     0     0     0    0    0  
     -100     10    0    4.5    6.4    10     0     0     0     0    0    0  
        0     10    8  556.8 2688.0     0     2     0     0     0    0    7  
      100     10   10  591.5  784.9     0     0     0     0     0    0   10  
      200     10   10  690.7  739.8     0     0     0     0     0    0   10  
      300     10   10  770.3  826.9     0     0     0     0     0    0   10  
      400     10   10  860.6  912.4     0     0     0     0     0    0   10  
      500     10   10  936.1  964.5     0     0     0     0     0    0   10  
      600     10   10 1009.6 1027.4     0     0     0     0     0    0    9  
      700     10   10 1070.5 1127.3     0     0     0     0     0    0   10  
      800     10   10 1119.3 1163.7     0     0     0     0     0    0   10  
      900     10   10 1157.2 1203.3     0     0     0     0     0    0   10  
     1000     10   10 1215.6 1243.1     0     0     0     0     0    0   10  
     1100     10   10 1269.5 1313.0     0     0     0     0     0    0   10  
     1200     10   10 1335.1 1370.4     0     0     0     0     0    0   10  
     1300     10    8 1502.6 2932.4     0     2     0     0     0    0   10  
     1400     10   10 1540.0 1726.3     0     0     0     0     0    0   10  
     1500     10   10 1672.6 1824.1     0     0     0     0     0    0   10  
     1600     10   10 1835.1 1890.2     0     0     0     0     0    0   10  
     1700     10   10 1963.9 2027.8     0     0     0     0     0    0   10  
     1800     10   10 2048.3 2087.7     0     0     0     0     0    0   10  
     1900     10   10 2099.7 2245.0     0     0     0     0     0    0   10  
     2000     10   10 2124.1 2176.6     0     0     0     0     0    0   10  
     2100     10    9 2013.8 3087.2     0     1     0     0     0    0   10  
     2200     10   10 2158.0 2246.9     0     0     0     0     0    0   10  
     2300     10    9 2005.7 2724.5     0     1     0     0     0    0   10  
     2400     10   10 2171.7 2252.6     0     0     0     0     0    0    9  

  per second over the run
     s    sent  err    p50     p99   DB  ent
     0     99    0    3.1     5.7    0    0
     1    100    0    3.7     6.9    0    0
     2    100    0    3.4     6.1    0    0
     3    100    0    3.5     6.3    0    0
     4    100    0    3.5     6.6    0    0
     5    100    0    3.4     7.6    0    0
     6    100    0    3.2    40.8    0    0
     7    100    0    3.3     6.5    0    0
     8    100    0    3.4     8.0    0    0
     9    100    0    3.4     8.9    0    0
    10    100    0    3.1     9.1    0    0
    11    100    0    3.1     9.7    0    0
    12    100    0    3.9     7.7    0    0
    13    100    0    3.9     7.1    0    0
    14    100    0    3.5     7.2    0    0
    15    100    0    3.5    13.1    0    0
    16    100    0    3.7     8.7    0    0
    17    100    0    4.3     9.1    0    0
    18    100    0    4.2     9.1    0    0
    19    100    0    3.8     6.7    0    0
    20    100   98  912.4  2688.0    0    0
    21    100   98 1652.2  2932.4    0    0
    22    100   67 2005.6  3087.2    2    0
    23    100    0    4.4    14.5    0    0
    24    100    0    3.9    16.9    2    0
    25    100    0    3.1    10.7    2    0
    26    100    0    3.7     7.6    0    1
    27    100    0    4.0     7.9    0    0
    28    100    0    4.0     7.4    0    0
    29    100    0    3.7     7.0    0    0
    30    100    0    3.3     7.4    0    0
    31    100    0    3.4     7.0    0    0
    32    100    0    3.8     8.2    0    0
    33    100    0    4.2     9.1    0    0
    34    100    0    3.6     8.5    0    0
    35    100    0    3.8     6.4    0    0
    36    100    0    3.9     8.3    0    0
    37    100    0    4.0     8.9    0    0
    38    100    0    3.9     9.4    0    0
    39    100    0    4.0     7.7    0    0

  N, the stats aggregate's executions during the run, three ways
    pg_stat_statements calls      6
    /metrics stats_recomputes     6
    client miss+refresh+db        6
  miss window: requests sent 2680.7ms after the expiry still got no fresh value (269 requests)
  peak: 0 executions in one 100ms bucket, 10 duplicates in flight

  latency by send time            n      p50      p99      max  errors
    before the expiry           1999      3.5      7.4     40.8       0
    first 2s after               200   1203.3   2861.6   2932.4     196
    the rest                    1800      3.9   2162.4   3087.2      67
  sources: hit=3730 -=263 miss=6  dropped=0
