stampede herd  api http://nest_server:3002
  ORGS                 11-110                       (default)
  RATE                 500                          (default)
  SECONDS              60                           (default)
  FLUSH_AT             5                            (default)
  BUCKET_MS            100                          (default)

  server arms  statsCache=stale statsTtlS=10 statsTtlJitter=0 entitlementCache=notify

  flushed 100 keys at 5000.7ms. Per second: stats recomputes, the busiest 100ms bucket, p99
     s     DB  peak     p99  err  ent
     0      0    10   824.3    0    0  
     1      7     7     3.6    0  114  #######
     2      0     0     4.0    0   10  
     3      0     0     3.9    0    0  
     4      0     0     4.5    0    0  
     5     50    10  1248.9    0    0  ##################################################
     6     50    10   262.9    0    0  ##################################################
     7      0     0     3.9    0    0  
     8      0     0     3.3    0    0  
     9      0     0     3.9    0    0  
    10      0     0     5.6    0    0  
    11      0     0     3.3    0    0  
    12      0     0     3.3    0    0  
    13      0     0     3.4    0    0  
    14      0     0     4.2    0    0  
    15     30    10     4.5    0    0  ##############################
    16     70    11     6.2    0    0  ############################################################+
    17      0     0     3.2    0    0  
    18      0     0     3.7    0    0  
    19      0     0     3.3    0    0  
    20      0     0     3.7    0    0  
    21      0     0     3.6    0    0  
    22      0     0     3.9    0    0  
    23      0     0     4.7    0    0  
    24      0     0     4.6    0    0  
    25     20    10     5.7    0    0  ####################
    26     41    10     4.8    0    0  #########################################
    27     39    10     3.8    0    0  #######################################
    28      0     0     5.0    0    0  
    29      0     0     5.1    0   40  
    30      0     0     4.3    0    3  
    31      0     0     4.5    0   45  
    32      0     0     5.0    0   12  
    33      0     0     4.5    0    0  
    34      0     0     5.8    0    0  
    35      0     0     4.9    0    0  
    36     50    10    21.3    0    0  ##################################################
    37     50    10     4.5    0    0  ##################################################
    38      0     0     5.1    0    0  
    39      0     0     5.3    0    0  
    40      0     0     4.8    0    0  
    41      0     0     4.5    0    0  
    42      0     0     4.3    0    0  
    43      0     0     5.3    0    0  
    44      0     0     5.2    0    0  
    45      0     0     4.2    0    0  
    46     32    10     6.6    0    0  ################################
    47     48    10    12.0    0    0  ################################################
    48     20     8     3.7    0    0  ####################
    49      0     0     5.5    0    0  
    50      0     0     5.0    0    0  
    51      0     0     4.6    0    0  
    52      0     0     4.2    0    0  
    53      0     0     3.8    0    0  
    54      0     0     3.3    0    0  
    55      0     0     4.4    0    0  
    56     15     8     6.4    0    0  ###############
    57     15     5    18.4    0    0  ###############
    58     28     8    19.2    0    0  ############################
    59     21     9  1074.8    0    0  #####################

  seconds until each key expires, at the end (100 keys)
       5s    10  ##########
       6s    20  ####################
       7s    23  #######################
       8s    17  #################
       9s    30  ##############################

  recomputes 660 (pgss 660) · busiest second 70 · busiest 100ms bucket 11 · median per second 0
  expiry spread at the end 4.0s · p99 503.7ms · errors 0 · dropped 0
