stampede herd  api http://nest_server:3002
  ORGS                 11-110                       (default)
  RATE                 500                          (default)
  SECONDS              60                           (default)
  FLUSH_AT             5                            (default)
  BUCKET_MS            100                          (default)

  server arms  statsCache=wait statsTtlS=10 statsTtlJitter=0.2 entitlementCache=notify

  flushed 100 keys at 5000.6ms. Per second: stats recomputes, the busiest 100ms bucket, p99
     s     DB  peak     p99  err  ent
     0      0     0    13.1    0    0  
     1      0     0     4.4    0    0  
     2      0     0     4.3    0    0  
     3      0     0     4.1    0    0  
     4      2     2     4.1    0    0  ##
     5     22     8  2135.0   16    0  ######################
     6     40    10  1314.6    0    0  ########################################
     7     38    10   307.2    0    0  ######################################
     8      0     0     4.2    0    0  
     9      0     0     4.4    0    0  
    10      0     0     4.2    0    0  
    11      0     0     4.1    0    0  
    12      0     0     4.4    0    0  
    13      1     1     4.4    0    0  #
    14     19     6    91.2    0    0  ###################
    15     34     5   135.4    0    0  ##################################
    16     37     8    91.8    0    0  #####################################
    17      9     4    49.5    0    0  #########
    18      0     0     5.2    0    0  
    19      0     0     4.4    0    0  
    20      0     0     3.9    0    0  
    21      0     0     3.9    0    0  
    22      3     1     5.0    0    0  ###
    23     16     3    70.8    0    0  ################
    24     30     6    62.4    0    0  ##############################
    25     36     8    81.2    0    0  ####################################
    26     13     3    32.1    0   20  #############
    27      2     1     3.6    0   20  ##
    28      0     0     4.3    0   40  
    29      0     0     4.1    0   20  
    30      0     0     3.4    0    0  
    31      4     2     5.1    0    0  ####
    32     15     5    51.2    0    0  ###############
    33     27     5    52.1    0    0  ###########################
    34     36     7    75.8    0    0  ####################################
    35     13     4    33.7    0    0  #############
    36      5     1     3.5    0    0  #####
    37      0     0     4.1    0    0  
    38      0     0     4.5    0    0  
    39      1     1     4.5    0    0  #
    40      4     2     5.9    0    0  ####
    41     16     4    81.8    0    0  ################
    42     17     3   108.5    0    0  #################
    43     27     7    58.4    0    0  ###########################
    44     27     6   104.5    0    0  ###########################
    45      5     3     4.8    0    0  #####
    46      3     2     3.8    0    0  ###
    47      0     0     3.5    0    0  
    48      0     0     4.2    0    0  
    49      6     3    44.1    0    0  ######
    50     13     4    60.1    0    0  #############
    51     19     4    63.8    0    0  ###################
    52     28     5   122.7    0    0  ############################
    53     24     5    44.6    0    0  ########################
    54      7     2    28.2    0    0  #######
    55      2     1     3.7    0    0  ##
    56      1     1     3.9    0   20  #
    57      1     1     3.9    0   20  #
    58      8     2    40.2    0   33  ########
    59     10     3    36.8    0   27  ##########

  seconds until each key expires, at the end (92 keys)
       0s    22  ######################
       1s    21  #####################
       2s    21  #####################
       3s     6  ######
       4s     3  ###
       5s     1  #
       6s     1  #
       7s     7  #######
       8s     9  #########
       9s     1  #

  recomputes 621 (pgss 621) · busiest second 40 · busiest 100ms bucket 10 · median per second 5
  expiry spread at the end 9.2s · p99 1119.4ms · errors 16 · dropped 0
