stampede herd  api http://nest_server:3002
  ORGS                 11-110                       (default)
  RATE                 500                          (default)
  SECONDS              60                           (default)
  FLUSH_AT             5                            (default)
  BUCKET_MS            100                          (default)

  server arms  statsCache=stale statsTtlS=10 statsTtlJitter=0 entitlementCache=notify

  flushed 100 keys at 5000.9ms. Per second: stats recomputes, the busiest 100ms bucket, p99
     s     DB  peak     p99  err  ent
     0      0     0     3.7    0    0  
     1      0     0     3.9    0    0  
     2      0     0     3.7    0    0  
     3      0     0     3.7    0    0  
     4      0     0     3.9    0    0  
     5     39    10  1909.0    0    0  #######################################
     6     42    10   928.7    0    0  ##########################################
     7     19    10     5.3    0    0  ###################
     8      0     0     3.6    0    0  
     9      0     0     3.8    0    0  
    10      0     0     3.4    0    0  
    11      0     0     3.5    0    0  
    12      0     0     3.3    0    0  
    13      0     0     4.3    0    0  
    14      0     0     6.1    0    0  
    15      6     4     3.6    0    0  ######
    16     14     4     3.8    0    0  ##############
    17     20     4     3.3    0    0  ####################
    18     40     6     3.1    0    0  ########################################
    19     20     8     3.6    0    0  ####################
    20      0     0     3.9    0    0  
    21      0     0     3.9    0    0  
    22      0     0     3.4    0    0  
    23      0     0     3.8    0    0  
    24      0     0     3.3    0    0  
    25      2     2     4.2    0   20  ##
    26     18     6     3.3    0   20  ##################
    27     12     4     3.4    0   30  ############
    28     38    10   141.4    0   10  ######################################
    29     30    14     3.8    0   20  ##############################
    30      0     0     4.6    0    0  
    31      0     0     3.9    0    0  
    32      0     0     3.5    0    0  
    33      0     0     3.8    0    0  
    34      0     0     3.5    0    0  
    35      0     0     9.4    0    0  
    36     10     4     4.2    0    0  ##########
    37     22     6    43.4    0    0  ######################
    38     28    10     6.8    0    0  ############################
    39     40    10    25.6    0    0  ########################################
    40      0     0    20.0    0    0  
    41      0     0     6.5    0    0  
    42      0     0     5.9    0    0  
    43      0     0     3.5    0    0  
    44      0     0     3.9    0    0  
    45      0     0     4.1    0    0  
    46      4     2     3.5    0    0  ####
    47      6     6    15.9    0    0  ######
    48     16     6     5.0    0    0  ################
    49     14     6     5.8    0    0  ##############
    50     20     8     4.2    0    0  ####################
    51     30    10     4.8    0    0  ##############################
    52     10    10     5.5    0    0  ##########
    53      0     0     3.2    0    0  
    54      0     0     3.2    0    0  
    55      0     0     3.9    0   10  
    56      4     2     3.2    0   30  ####
    57      6     6     3.5    0   21  ######
    58     10     6     3.2    0   19  ##########
    59     20     6     3.2    0   20  ####################

  seconds until each key expires, at the end (100 keys)
      -1s    10  ##########
       0s    20  ####################
       1s    30  ##############################
       6s     4  ####
       7s     6  ######
       8s    20  ####################
       9s    10  ##########

  recomputes 540 (pgss 540) · busiest second 42 · busiest 100ms bucket 14 · median per second 1
  expiry spread at the end 9.8s · p99 656.0ms · errors 0 · dropped 0
