stampede herd  api http://nest_server:3002
  ORGS                 11-110                       (default)
  RATE                 500                          (default)
  SECONDS              60                           (default)
  FLUSH_AT             5                            (default)
  BUCKET_MS            100                          (default)

  server arms  statsCache=wait statsTtlS=10 statsTtlJitter=0 entitlementCache=notify

  flushed 100 keys at 5000.1ms. Per second: stats recomputes, the busiest 100ms bucket, p99
     s     DB  peak     p99  err  ent
     0      0     0    12.2    0    0  
     1      0     0     5.1    0   21  
     2      0     0     7.2    0    0  
     3      0     0     5.7    0    0  
     4      0     0     5.2    0    0  
     5     42    10  1586.2    0    0  ##########################################
     6     58    10   594.1    0    0  ##########################################################
     7      0     0     5.4    0    0  
     8      0     0     4.7    0    0  
     9      0     0     4.8    0    0  
    10      0     0     4.6    0    0  
    11      0     0     4.5    0    0  
    12      0     0     4.6    0    0  
    13      0     0     4.2    0   13  
    14      0     0     4.6    0   37  
    15     30    10   161.3    0    9  ##############################
    16     60    10   234.3    0    0  ############################################################
    17     10    10     3.9    0    0  ##########
    18      0     0     5.2    0    0  
    19      0     0     4.4    0    0  
    20      0     0     5.1    0    0  
    21      0     0     4.3    0    0  
    22      0     0     4.0    0    0  
    23      0     0     4.2    0    0  
    24      0     0     3.8    0    0  
    25     20    10   141.5    0    0  ####################
    26     50    10   177.6    0    0  ##################################################
    27     30    12   109.4    0    0  ##############################
    28      0     0     3.9    0    0  
    29      0     0     4.7    0    9  
    30      0     0     3.8    0    2  
    31      0     0     4.6    0   30  
    32      0     0     4.2    0    0  
    33      0     0     8.4    0    0  
    34      0     0     4.5    0    0  
    35     10    10   253.3    0    0  ##########
    36     50    10   223.0    0    0  ##################################################
    37     40    10   245.7    0    0  ########################################
    38      0     0     4.1    0    0  
    39      0     0     4.0    0    0  
    40      0     0     3.7    0    0  
    41      0     0     4.9    0    0  
    42      0     0     4.0    0    0  
    43      0     0     3.8    0   10  
    44      0     0     4.6    0   34  
    45      0     0     4.7    0   15  
    46     40    10   354.7    0    0  ########################################
    47     60    10   237.9    0    0  ############################################################
    48      0     0     3.7    0    0  
    49      0     0     3.9    0    0  
    50      0     0     3.8    0    0  
    51      0     0     3.9    0    0  
    52      0     0     6.1    0    0  
    53      0     0     3.5    0    0  
    54      0     0     4.1    0    0  
    55      0     0     4.4    0    0  
    56     30    10   152.4    0    0  ##############################
    57     61    12   187.6    0    0  ############################################################+
    58      9     7     3.3    0    0  #########
    59      0     0     3.6    0    2  

  seconds until each key expires, at the end (100 keys)
       6s    50  ##################################################
       7s    50  ##################################################

  recomputes 600 (pgss 600) · busiest second 61 · busiest 100ms bucket 12 · median per second 0
  expiry spread at the end 1.7s · p99 477.2ms · errors 0 · dropped 0
