stampede herd  api http://nest_server:3002
  ORGS                 11-110                       (default)
  RATE                 500                          (default)
  SECONDS              60                           (default)
  FLUSH_AT             5                            (default)
  BUCKET_MS            100                          (default)

  server arms  statsCache=stale statsTtlS=10 statsTtlJitter=0.5 entitlementCache=notify

  flushed 100 keys at 5000.1ms. Per second: stats recomputes, the busiest 100ms bucket, p99
     s     DB  peak     p99  err  ent
     0      0    10     9.7    0    0  
     1      0     0     4.6    0    0  
     2      1     1     8.3    0    0  #
     3      1     1     4.5    0    0  #
     4      7     1     3.1    0    0  #######
     5     42     9  1479.7    0    0  ##########################################
     6     60    10   488.2    0    0  ############################################################
     7      0     0     3.6    0    0  
     8      0     0     3.5    0    0  
     9      0     0     5.3    0    0  
    10      5     2     3.8    0    0  #####
    11      8     2     3.5    0    0  ########
    12     27     5     3.6    0    0  ###########################
    13     26     7     4.1    0    0  ##########################
    14     16     5     3.5    0    0  ################
    15     13     3     6.5    0   30  #############
    16      7     2     3.1    0    0  #######
    17      5     2     3.3    0    0  #####
    18      7     2     3.1    0    0  #######
    19     13     4     3.6    0    0  #############
    20     15     4     3.9    0    0  ###############
    21     16     3     7.3    0    0  ################
    22     26     5     3.3    0    0  ##########################
    23     12     2     3.1    0    0  ############
    24      9     2     3.2    0    0  #########
    25      9     3     3.0    0    0  #########
    26      8     3     2.9    0    0  ########
    27     17     3     3.1    0    0  #################
    28     13     3     3.4    0   30  #############
    29     16     3     3.2    0   30  ################
    30     16     4     3.3    0   10  ################
    31      8     2     3.2    0    0  ########
    32     13     4     8.8    0    0  #############
    33     11     4     3.6    0    0  ###########
    34     13     3     3.3    0    0  #############
    35     19     4     3.3    0    0  ###################
    36     15     2    12.3    0    0  ###############
    37     15     3     3.4    0    0  ###############
    38     13     3     3.0    0    0  #############
    39      7     2     3.3    0    0  #######
    40     12     3     5.4    0    0  ############
    41     14     3     3.5    0    0  ##############
    42     16     4     4.0    0    0  ################
    43     12     3     9.4    0    0  ############
    44     13     3     3.2    0    0  #############
    45     13     3     3.5    0   30  #############
    46     14     4     3.3    0    0  ##############
    47     14     2     3.4    0    0  ##############
    48      8     2     3.2    0    0  ########
    49     17     4     3.1    0    0  #################
    50     15     4     3.5    0    0  ###############
    51     13     3     3.1    0    0  #############
    52     11     5     3.5    0    0  ###########
    53     13     3     3.1    0    0  #############
    54     14     3     2.8    0    0  ##############
    55     13     4     3.0    0    0  #############
    56     13     3     2.9    0    0  #############
    57     11     2     2.9    0    0  ###########
    58     15     4     3.1    0   22  ###############
    59     10     3     3.3    0   37  ##########

  seconds until each key expires, at the end (100 keys)
      -1s     6  ######
       0s    14  ##############
       1s    10  ##########
       2s    13  #############
       3s     8  ########
       4s    14  ##############
       5s    14  ##############
       6s    11  ###########
       7s     6  ######
       8s     2  ##
       9s     2  ##

  recomputes 789 (pgss 785) · busiest second 60 · busiest 100ms bucket 10 · median per second 13
  expiry spread at the end 9.7s · p99 466.2ms · errors 0 · dropped 0
