stampede herd  api http://nest_server:3002
  ORGS                 11-110                       (default)
  RATE                 500                          (default)
  SECONDS              60                           (default)
  FLUSH_AT             5                            (default)
  BUCKET_MS            100                          (default)

  server arms  statsCache=stale statsTtlS=10 statsTtlJitter=0.5 entitlementCache=notify

  flushed 100 keys at 4999.0ms. Per second: stats recomputes, the busiest 100ms bucket, p99
     s     DB  peak     p99  err  ent
     0      0    12    11.1    0    0  
     1     32     8   122.7    0    0  ################################
     2      0     0     4.1    0    0  
     3      0     0     3.4    0    0  
     4      0     0     3.7    0    0  
     5     32    10  1734.4    0    0  ################################
     6     68    10   748.7    0    0  ############################################################+
     7      0     0     4.6    0    0  
     8      0     0     3.5    0    0  
     9      0     0     3.7    0    0  
    10      0     0     3.9    0    0  
    11     14     5     3.6    0    3  ##############
    12     15     4     4.7    0   21  ###############
    13     23     5     4.1    0   26  #######################
    14     19     3     3.6    0   20  ###################
    15     20     5     3.2    0   20  ####################
    16     11     4     3.4    0   10  ###########
    17      6     3     3.0    0    0  ######
    18      9     2     4.2    0    0  #########
    19     12     3     3.6    0    0  ############
    20     16     5     4.1    0    0  ################
    21     21     4     3.7    0    0  #####################
    22     11     3     4.2    0    0  ###########
    23     14     4     4.2    0    0  ##############
    24      9     3     3.4    0    0  #########
    25      8     2     3.4    0    0  ########
    26     13     3     2.9    0    0  #############
    27     17     4     3.1    0    0  #################
    28     14     4     3.6    0    0  ##############
    29     15     4     3.8    0    0  ###############
    30     17     7     3.9    0    0  #################
    31     10     3     3.2    0    0  ##########
    32     10     3     3.0    0    0  ##########
    33      6     2     3.3    0    0  ######
    34     19     6     3.2    0    0  ###################
    35     18     4     3.3    0    0  ##################
    36     15     4     3.1    0    0  ###############
    37     11     2     3.1    0    0  ###########
    38     10     3     3.1    0    0  ##########
    39     13     2    31.4    0    0  #############
    40     12     3     3.0    0    0  ############
    41     11     3     2.9    0    0  ###########
    42     23     4     4.0    0   20  #######################
    43     10     3     3.1    0   23  ##########
    44     13     4     3.0    0   27  #############
    45     13     4     4.0    0   17  #############
    46     12     4     2.9    0   13  ############
    47     15     4     5.2    0    0  ###############
    48     12     3     3.1    0    0  ############
    49     14     4     3.7    0    0  ##############
    50     13     3     3.3    0    0  #############
    51     12     3     3.1    0    0  ############
    52      9     2     2.9    0    0  #########
    53     17     4     2.9    0    0  #################
    54      8     3     3.2    0    0  ########
    55     13     3     3.1    0    0  #############
    56     15     5     4.2    0    0  ###############
    57     17     4     2.9    0    0  #################
    58     11     2     3.3    0    0  ###########
    59     10     3     3.3    0    0  ##########

  seconds until each key expires, at the end (100 keys)
      -1s     6  ######
       0s    16  ################
       1s    15  ###############
       2s     9  #########
       3s    14  ##############
       4s    14  ##############
       5s    10  ##########
       6s    10  ##########
       7s     3  ###
       8s     3  ###

  recomputes 847 (pgss 847) · busiest second 68 · busiest 100ms bucket 10 · median per second 13
  expiry spread at the end 8.9s · p99 662.4ms · errors 0 · dropped 0
